function [vertices,faces] = myfun()
vertices = [
0.221415 0.390408 0.059484
0.223574 0.391467 0.060027
0.225694 0.391708 0.058824
0.220794 0.388678 0.058373
0.223688 0.390310 0.060862
0.226686 0.391017 0.057575
0.221563 0.388831 0.060445
0.220957 0.387521 0.056988
0.225724 0.390369 0.060046
0.220787 0.387307 0.059267
0.227255 0.389523 0.055907
0.222015 0.386683 0.055609
0.226878 0.389681 0.058494
0.221221 0.386064 0.057885
0.226809 0.388069 0.054340
0.223497 0.386241 0.054493
0.225338 0.387069 0.054019
0.224618 0.387915 0.062170
0.226194 0.388489 0.061154
0.227441 0.388320 0.056740
0.222315 0.385172 0.056379
0.227305 0.388327 0.059545
0.222610 0.386121 0.062042
0.226843 0.386735 0.055313
0.227763 0.387531 0.058490
0.223952 0.384905 0.055204
0.225657 0.385567 0.054765
0.227394 0.387250 0.060137
0.226714 0.387076 0.061293
0.227834 0.386976 0.057801
0.222056 0.384538 0.061003
0.227401 0.387012 0.060157
0.226807 0.386855 0.061184
0.227723 0.386786 0.059071
0.227675 0.386600 0.059184
0.222434 0.383496 0.059669
0.227836 0.386010 0.058287
0.227797 0.385884 0.058467
0.227381 0.385150 0.056668
0.223586 0.382623 0.058138
0.227607 0.384436 0.057806
0.227611 0.384454 0.058029
0.226272 0.383381 0.056434
0.224884 0.382481 0.056957
0.225728 0.383885 0.063666
0.224346 0.382993 0.063321
0.227015 0.384358 0.063419
0.227053 0.384309 0.063280
0.227271 0.384378 0.063297
0.223936 0.382246 0.062495
0.228046 0.384071 0.062276
0.224410 0.381398 0.061323
0.228491 0.383488 0.061392
0.227838 0.383193 0.063077
0.228019 0.383238 0.063091
0.227784 0.383010 0.063234
0.225105 0.380825 0.059877
0.225628 0.381710 0.063248
0.228458 0.382629 0.060382
0.227074 0.382261 0.063503
0.227724 0.381828 0.059571
0.227946 0.381807 0.059582
0.227763 0.381666 0.059486
0.225973 0.380601 0.059079
0.228305 0.382249 0.062221
0.228477 0.382310 0.062228
0.228266 0.382054 0.062344
0.227311 0.380953 0.059042
0.228251 0.381599 0.060954
0.228430 0.381664 0.060960
0.226234 0.380778 0.062427
0.228213 0.381379 0.061040
0.227563 0.381234 0.062602
0.226464 0.380260 0.060969
0.227813 0.380576 0.060936
];
faces = [
61 62 70 69
59 62 42 38
42 61 63 41
54 55 49 48
33 29 47 48
49 51 32 33
48 47 56 54
65 66 55 54
54 56 67 65
66 53 51 55
69 70 66 65
65 67 72 69
53 66 70 59
69 72 63 61
53 59 38 35
51 53 35 32
42 41 37 38
38 37 34 35
35 34 28 32
32 28 29 33
6 13 20 11
11 20 24 15
22 25 20 13
3 9 13 6
3 2 5 9
19 9 5 18
1 7 5 2
19 22 13 9
7 23 18 5
4 10 7 1
16 17 27 26
16 26 21 12
44 26 27 43
15 24 27 17
12 21 14 8
40 21 26 44
10 4 8 14
36 14 21 40
14 36 31 10
10 31 23 7
41 39 30 37
68 43 39 63
47 19 18 45
29 28 22 19
25 34 37 30
28 34 25 22
68 63 72 75
75 72 67 73
60 73 67 56
45 60 56 47
57 40 44 64
57 74 71 52
64 68 75 74
24 39 43 27
30 39 24 20
64 44 43 68
58 71 73 60
58 60 45 46
74 75 73 71
52 71 58 50
23 46 45 18
31 50 46 23
40 57 52 36
52 50 31 36
42 62 61 61
33 48 49 49
49 55 51 51
70 62 59 59
39 41 63 63
19 47 29 29
74 57 64 64
30 20 25 25
50 58 46 46
];
