function [vertices,faces] = myfun()
vertices = [
0.198040 0.433399 0.024578
0.196015 0.432313 0.025173
0.194012 0.431307 0.025731
0.191779 0.429970 0.025357
0.190437 0.429088 0.024441
0.190378 0.428750 0.024648
0.189524 0.427531 0.022622
0.188336 0.425775 0.019233
0.189362 0.426784 0.023466
0.201730 0.433037 0.021542
0.191852 0.428468 0.027091
0.194560 0.429644 0.027661
0.188347 0.424267 0.015815
0.190164 0.427120 0.026602
0.189192 0.425091 0.019991
0.191847 0.427720 0.028227
0.189879 0.426372 0.027881
0.197422 0.430216 0.027533
0.194789 0.428854 0.028720
0.188827 0.425189 0.025789
0.204142 0.432120 0.017407
0.191861 0.426979 0.029352
0.189577 0.425570 0.029250
0.199761 0.430426 0.026918
0.189346 0.422108 0.012163
0.188170 0.424163 0.027247
0.188653 0.423392 0.021630
0.195018 0.428085 0.029759
0.204973 0.430947 0.013479
0.188649 0.422034 0.017095
0.189434 0.422657 0.018706
0.191641 0.425894 0.030972
0.198210 0.428919 0.029025
0.189274 0.424528 0.030822
0.188776 0.422464 0.021521
0.190767 0.420960 0.008446
0.194347 0.426770 0.031808
0.204982 0.429196 0.010522
0.189053 0.420921 0.015009
0.187660 0.421429 0.024264
0.195383 0.426709 0.032156
0.191352 0.424710 0.032808
0.204384 0.427521 0.007402
0.189447 0.420045 0.013396
0.193907 0.425955 0.033191
0.198871 0.427838 0.030279
0.203668 0.429190 0.024422
0.193211 0.420369 0.005344
0.203863 0.426308 0.006176
0.194523 0.420452 0.004209
0.195669 0.426030 0.033462
0.199968 0.427609 0.030184
0.203278 0.425090 0.004999
0.196181 0.420778 0.003683
0.190275 0.418525 0.009790
0.199085 0.422190 0.003272
0.189672 0.419503 0.018051
0.201419 0.423420 0.003256
0.201165 0.427363 0.030071
0.189177 0.419480 0.021194
0.189500 0.418555 0.016472
0.206142 0.428044 0.020862
0.192635 0.417931 0.006102
0.189331 0.417603 0.014892
0.197787 0.425321 0.033617
0.206384 0.426071 0.012414
0.207141 0.427037 0.016288
0.194384 0.418004 0.004775
0.205883 0.424687 0.009033
0.203536 0.426631 0.028864
0.187894 0.417537 0.024632
0.196403 0.418372 0.004041
0.199431 0.419819 0.003980
0.207197 0.425734 0.015080
0.205068 0.423132 0.007470
0.190269 0.415595 0.011220
0.204438 0.422149 0.006459
0.200127 0.424592 0.033818
0.202164 0.420483 0.004804
0.205375 0.426059 0.027924
0.190882 0.416576 0.018843
0.207291 0.424046 0.013520
0.201297 0.424389 0.033631
0.206178 0.425686 0.026921
0.190753 0.415892 0.018003
0.190529 0.416392 0.021537
0.192413 0.414842 0.007513
0.207082 0.425262 0.025784
0.190247 0.414648 0.016090
0.194830 0.415129 0.005967
0.203186 0.424062 0.033326
0.207833 0.424909 0.024838
0.207227 0.421969 0.010799
0.196793 0.415574 0.005242
0.206982 0.421615 0.010406
0.199902 0.416987 0.005028
0.206795 0.421348 0.010106
0.202840 0.418381 0.005958
0.208451 0.424326 0.023502
0.203700 0.418753 0.006619
0.204670 0.419180 0.007365
0.205033 0.423784 0.032204
0.205477 0.419541 0.007987
0.191210 0.412626 0.012536
0.206493 0.423573 0.031297
0.209564 0.423092 0.020811
0.190420 0.413804 0.025030
0.200414 0.415396 0.005381
0.209690 0.422541 0.019812
0.204193 0.422512 0.035255
0.193142 0.411665 0.008711
0.209682 0.422042 0.019006
0.207605 0.423005 0.030203
0.209685 0.421641 0.018270
0.197922 0.413355 0.006058
0.195470 0.412142 0.007102
0.209692 0.421216 0.017489
0.192143 0.411941 0.016984
0.193535 0.413031 0.019385
0.194248 0.413539 0.020339
0.208553 0.422519 0.029269
0.191816 0.410808 0.013240
0.206037 0.421851 0.034757
0.209649 0.420188 0.016013
0.193833 0.410537 0.009294
0.195847 0.411243 0.007405
0.209463 0.422053 0.028376
0.198144 0.412137 0.006303
0.204309 0.420886 0.037494
0.209755 0.421772 0.027894
0.201072 0.413097 0.005764
0.210194 0.421335 0.027163
0.195046 0.412446 0.022879
0.207888 0.421177 0.034265
0.209316 0.418192 0.014007
0.205723 0.420474 0.037528
0.209234 0.417702 0.013515
0.208882 0.417235 0.012818
0.204700 0.413955 0.007120
0.208498 0.416794 0.012216
0.205510 0.414348 0.008032
0.208110 0.416315 0.011530
0.206265 0.414721 0.008884
0.201365 0.411601 0.005793
0.207191 0.415184 0.009900
0.209289 0.420514 0.033344
0.207025 0.419896 0.037324
0.196080 0.411790 0.025047
0.211658 0.419598 0.024409
0.198684 0.409350 0.006206
0.211911 0.419191 0.023675
0.196490 0.408300 0.007508
0.210569 0.419912 0.032550
0.194398 0.407370 0.010165
0.211959 0.418676 0.022938
0.193285 0.407177 0.014010
0.212009 0.418109 0.022131
0.196628 0.410963 0.027155
0.211478 0.419485 0.031885
0.212048 0.417673 0.021392
0.198745 0.410788 0.022059
0.211739 0.419231 0.031501
0.209481 0.419036 0.036862
0.197611 0.409946 0.020868
0.195253 0.408233 0.018468
0.198889 0.410864 0.022916
0.212087 0.417240 0.020753
0.199054 0.410903 0.024252
0.212110 0.418872 0.030952
0.212153 0.416505 0.019661
0.210850 0.418550 0.036024
0.207468 0.417067 0.040110
0.199605 0.410133 0.026204
0.213107 0.417628 0.029213
0.212587 0.417879 0.035003
0.211433 0.413857 0.016556
0.212958 0.417906 0.035370
0.211286 0.413313 0.015913
0.210933 0.412856 0.015201
0.200456 0.409745 0.028419
0.210561 0.412440 0.014607
0.210174 0.411976 0.013912
0.213703 0.417205 0.034289
0.211312 0.416735 0.038733
0.214005 0.415984 0.027124
0.207141 0.409076 0.008826
0.207563 0.409403 0.009494
0.208240 0.409927 0.010569
0.208898 0.410440 0.011614
0.200991 0.409545 0.029610
0.206675 0.414771 0.042020
0.203653 0.406738 0.007299
0.214066 0.416759 0.033846
0.214218 0.415452 0.026644
0.212536 0.416642 0.037988
0.204755 0.413257 0.041596
0.200027 0.404472 0.007286
0.201524 0.409586 0.031469
0.213350 0.416652 0.036800
0.197975 0.403562 0.008778
0.196149 0.402987 0.011299
0.213937 0.416477 0.036112
0.195331 0.402961 0.015076
0.214150 0.416336 0.035539
0.214558 0.415402 0.029521
0.214536 0.414654 0.025929
0.202401 0.407881 0.023940
0.202424 0.408676 0.028253
0.202717 0.408310 0.025477
0.202688 0.408635 0.027598
0.205856 0.412885 0.042123
0.214714 0.414858 0.028254
0.214485 0.415992 0.035096
0.214773 0.414550 0.027450
0.204783 0.411689 0.040809
0.201194 0.406400 0.022434
0.214850 0.414154 0.026419
0.202715 0.408473 0.029780
0.198251 0.404370 0.019984
0.209565 0.414126 0.042178
0.214939 0.413796 0.025363
0.215168 0.415146 0.032776
0.214850 0.413408 0.024469
0.205582 0.411788 0.041893
0.214788 0.413129 0.023831
0.203093 0.408266 0.031323
0.207964 0.412917 0.043023
0.214565 0.412282 0.021851
0.212938 0.414785 0.040206
0.203518 0.408735 0.033959
0.204386 0.410047 0.038683
0.203780 0.409070 0.035499
0.204088 0.409535 0.037151
0.213794 0.414905 0.039288
0.205262 0.410454 0.040912
0.214577 0.414679 0.038547
0.206881 0.411355 0.042981
0.215741 0.414353 0.034478
0.213619 0.410363 0.018720
0.215683 0.413324 0.029835
0.204321 0.408374 0.035066
0.213348 0.409814 0.017824
0.215114 0.414365 0.038014
0.212974 0.409342 0.017096
0.205402 0.409579 0.040289
0.212591 0.408924 0.016501
0.206197 0.410262 0.042286
0.212196 0.408457 0.015811
0.215441 0.414117 0.037551
0.205180 0.409016 0.038825
0.204423 0.406497 0.027451
0.204923 0.408404 0.037180
0.215951 0.412570 0.028944
0.204134 0.405739 0.025174
0.215757 0.413878 0.037102
0.208433 0.405063 0.010224
0.209011 0.405480 0.010982
0.209725 0.405993 0.011918
0.216283 0.413136 0.032424
0.204775 0.406861 0.030715
0.210693 0.406689 0.013185
0.211530 0.412639 0.043383
0.209567 0.411601 0.044029
0.202483 0.403935 0.023116
0.207512 0.410262 0.043740
0.216198 0.411875 0.028124
0.215190 0.413484 0.039831
0.205043 0.402557 0.008899
0.216370 0.413293 0.036101
0.214272 0.413114 0.041351
0.199987 0.401938 0.020788
0.206437 0.409059 0.041787
0.207180 0.409682 0.043520
0.205284 0.406753 0.033001
0.197859 0.399790 0.016743
0.216502 0.411186 0.027478
0.201798 0.400232 0.009289
0.206868 0.408792 0.042398
0.200043 0.399448 0.010718
0.198600 0.399040 0.012674
0.205622 0.406719 0.034804
0.206011 0.407186 0.037062
0.216509 0.410676 0.026528
0.215635 0.412788 0.040538
0.216139 0.412753 0.039464
0.206361 0.407631 0.039359
0.216512 0.410348 0.025914
0.217060 0.411723 0.031986
0.205573 0.405099 0.028625
0.216417 0.412564 0.039053
0.217017 0.411938 0.034202
0.216597 0.412442 0.038789
0.216544 0.409805 0.025009
0.206162 0.406038 0.034248
