function [vertices,faces] = myfun()
vertices = [
0.211153 0.383800 0.016065
0.209173 0.382724 0.017020
0.213156 0.384003 0.016356
0.214723 0.385481 0.020988
0.214501 0.384562 0.017707
0.215244 0.385195 0.019421
0.214256 0.385112 0.021974
0.212834 0.384512 0.023066
0.212523 0.383066 0.016448
0.210919 0.383155 0.023946
0.208950 0.381499 0.020658
0.208810 0.381151 0.019212
0.213194 0.382835 0.016919
0.215479 0.384517 0.020514
0.209461 0.381749 0.022529
0.214573 0.383515 0.018143
0.210038 0.382106 0.023379
0.215540 0.384153 0.019669
0.214948 0.382191 0.018643
0.214002 0.381348 0.017711
0.215851 0.382618 0.019978
0.215416 0.382514 0.021760
0.212643 0.380175 0.017327
0.214330 0.381866 0.023436
0.212681 0.380836 0.024059
0.210110 0.378942 0.021177
0.211491 0.378870 0.018033
0.210434 0.379074 0.022663
0.210534 0.378522 0.019654
0.211159 0.379489 0.023577
0.215132 0.379094 0.018056
0.216005 0.379653 0.018877
0.213848 0.378151 0.017912
0.216968 0.379803 0.020235
0.215589 0.379515 0.023623
0.216916 0.379874 0.021925
0.213927 0.378451 0.024472
0.212784 0.376747 0.018619
0.212096 0.376918 0.023091
0.212361 0.376490 0.020108
0.212643 0.377274 0.023900
0.212054 0.376460 0.021722
0.216235 0.376334 0.018922
0.217318 0.376941 0.019870
0.217979 0.377259 0.021088
0.216325 0.377028 0.024565
0.215053 0.375269 0.018677
0.217801 0.377258 0.023009
0.214529 0.375844 0.025566
0.213462 0.374865 0.024873
0.213958 0.374074 0.019170
0.212800 0.374121 0.023951
0.212734 0.373495 0.022543
0.213313 0.373347 0.020657
];
faces = [
16 13 3 5
33 38 27 23
33 23 20 31
2 1 23 27
40 29 27 38
33 47 51 38
34 21 22 36
36 48 45 34
36 22 24 35
22 21 18 14
32 19 21 34
33 31 43 47
31 20 19 32
9 13 20 23
31 32 44 43
13 16 19 20
32 34 45 44
16 18 21 19
40 38 51 54
40 54 53 42
35 46 48 36
46 35 37 49
42 26 29 40
42 53 52 39
49 37 41 50
25 37 35 24
50 41 39 52
30 41 37 25
28 39 41 30
39 28 26 42
29 12 2 27
26 11 12 29
11 26 28 15
10 25 24 8
8 24 22 7
25 10 17 30
30 17 15 28
22 14 4 7
18 16 5 6
3 9 1 1
6 4 14 14
9 3 13 13
23 1 9 9
18 6 14 14
];
