function [vertices,faces] = myfun()
vertices = [
0.133279 0.503274 -0.043081
0.135517 0.504644 -0.043399
0.131876 0.501894 -0.042273
0.137329 0.505621 -0.043387
0.152042 0.515620 -0.017285
0.138505 0.506008 -0.042694
0.152430 0.515561 -0.022312
0.150839 0.514328 -0.012504
0.130979 0.499870 -0.039975
0.140113 0.506339 -0.041127
0.149860 0.513253 -0.009991
0.151986 0.514188 -0.026403
0.148998 0.512372 -0.009321
0.148357 0.511768 -0.008924
0.132051 0.499814 -0.006242
0.147482 0.510969 -0.008804
0.146292 0.509716 -0.037028
0.132265 0.499906 -0.006002
0.142266 0.506864 -0.038869
0.151431 0.513100 -0.028721
0.148307 0.510994 -0.035139
0.143876 0.507767 -0.037867
0.149696 0.511746 -0.032834
0.131236 0.498405 -0.007517
0.129458 0.496633 -0.036775
0.133138 0.499693 -0.005832
0.145652 0.508221 -0.006986
0.135375 0.500682 -0.005314
0.128521 0.495320 -0.012815
0.153616 0.513552 -0.015776
0.143891 0.506400 -0.006387
0.152217 0.512266 -0.011007
0.140277 0.503529 -0.006324
0.151083 0.511093 -0.008755
0.154650 0.513140 -0.020763
0.149992 0.510040 -0.008010
0.149205 0.509218 -0.007552
0.136249 0.498890 -0.042279
0.134546 0.497582 -0.041257
0.126635 0.491990 -0.020271
0.133395 0.497432 -0.005234
0.127480 0.491908 -0.031019
0.139056 0.500387 -0.042879
0.154538 0.511516 -0.024894
0.126750 0.490877 -0.027240
0.141104 0.501488 -0.043012
0.133609 0.495922 -0.039027
0.142068 0.502022 -0.042408
0.154282 0.510884 -0.026428
0.134347 0.497350 -0.004524
0.143203 0.502638 -0.041122
0.148442 0.506284 -0.037486
0.132678 0.495861 -0.006665
0.153713 0.509973 -0.028432
0.146206 0.504489 -0.038558
0.144882 0.503516 -0.039410
0.147311 0.506365 -0.005534
0.151072 0.507525 -0.034940
0.136817 0.498483 -0.003791
0.152613 0.508494 -0.031979
0.132030 0.493317 -0.035931
0.145648 0.504546 -0.004819
0.142097 0.501706 -0.004862
0.153903 0.509377 -0.008995
0.155626 0.510454 -0.013407
0.130298 0.491911 -0.012099
0.152607 0.508151 -0.006866
0.149939 0.506156 -0.005476
0.151423 0.506993 -0.006004
0.129927 0.489255 -0.029864
0.150044 0.503805 -0.037582
0.152700 0.505541 -0.034668
0.129068 0.488287 -0.026298
0.148817 0.504267 -0.004020
0.157506 0.509623 -0.018319
0.150939 0.505505 -0.005091
0.148404 0.501809 -0.038512
0.128976 0.488309 -0.019946
0.137207 0.493516 -0.039963
0.139034 0.494863 -0.041121
0.147321 0.500700 -0.039242
0.145903 0.499529 -0.040615
0.141980 0.496635 -0.041945
0.136094 0.492178 -0.037780
0.144943 0.498647 -0.041690
0.144069 0.497950 -0.042205
0.147790 0.502232 -0.003251
0.134206 0.490283 -0.034848
0.157863 0.508166 -0.022472
0.136165 0.493595 -0.003257
0.139103 0.495547 -0.002119
0.145922 0.500195 -0.003199
0.151736 0.502033 -0.037028
0.143747 0.498415 -0.002951
0.134486 0.491491 -0.005592
0.157101 0.506082 -0.028064
0.132010 0.487380 -0.029731
0.158535 0.506987 -0.023585
0.158428 0.506592 -0.025883
0.156253 0.504504 -0.031323
0.158328 0.506174 -0.026397
0.150436 0.499703 -0.037831
0.156078 0.505383 -0.006235
0.149516 0.498397 -0.038442
0.154645 0.504314 -0.004244
0.155570 0.502558 -0.033728
0.148134 0.497023 -0.039626
0.132598 0.487201 -0.011246
0.158248 0.506058 -0.010335
0.153499 0.503047 -0.003431
0.147047 0.495917 -0.040503
0.151393 0.501375 -0.002585
0.146141 0.495064 -0.040879
0.159802 0.505778 -0.023536
0.136108 0.487596 -0.033751
0.144223 0.493457 -0.040427
0.141566 0.491309 -0.039331
0.139770 0.489825 -0.038118
0.138299 0.488639 -0.036205
0.153127 0.501414 -0.002506
0.131584 0.484263 -0.018949
0.132158 0.484140 -0.025038
0.160596 0.505498 -0.015023
0.152535 0.500564 -0.002239
0.150699 0.499129 -0.001808
0.154687 0.499146 -0.035690
0.134057 0.484111 -0.028570
0.149116 0.497014 -0.001670
0.161500 0.504299 -0.019266
0.146640 0.494289 -0.001106
0.142646 0.491305 -0.000536
0.153477 0.496369 -0.036626
0.162014 0.503633 -0.020752
0.139032 0.487911 -0.001907
0.152586 0.494972 -0.037190
0.138406 0.484495 -0.032970
0.156368 0.500111 -0.001799
0.162644 0.503088 -0.020943
0.151210 0.493505 -0.038201
0.155220 0.499152 -0.001321
0.162809 0.502979 -0.022532
0.162652 0.502557 -0.025142
0.154214 0.498280 -0.001057
0.158031 0.500833 -0.003289
0.153321 0.497511 -0.001005
0.150023 0.492284 -0.038924
0.137163 0.485319 -0.004458
0.161283 0.500944 -0.028443
0.152429 0.496646 -0.000983
0.149002 0.491312 -0.039158
0.140513 0.485072 -0.034776
0.147014 0.489539 -0.038512
0.162490 0.501484 -0.026455
0.150731 0.494803 -0.000937
0.144303 0.487180 -0.037187
0.162210 0.500897 -0.027200
0.160658 0.499376 -0.030895
0.142350 0.485661 -0.036028
0.160760 0.501139 -0.006663
0.135469 0.481658 -0.010186
0.159993 0.497644 -0.032688
0.134576 0.479989 -0.017225
0.163640 0.500522 -0.010882
0.151700 0.492483 -0.000103
0.158792 0.494786 -0.034279
0.152916 0.493179 0.000008
0.136044 0.478825 -0.023265
0.148906 0.490111 0.000126
0.156459 0.495542 0.000176
0.157573 0.496105 -0.000001
0.154160 0.493498 0.000220
0.155561 0.494461 0.000319
0.146011 0.487232 0.000860
0.138229 0.478945 -0.027668
0.165175 0.499630 -0.014943
0.157269 0.492150 -0.035414
0.156271 0.490788 -0.036002
0.165633 0.498539 -0.024464
0.159383 0.495882 -0.000771
0.165832 0.499145 -0.016592
0.154911 0.489327 -0.036698
0.166220 0.498852 -0.017412
0.142069 0.479981 -0.032331
0.153671 0.488083 -0.037220
0.152459 0.487027 -0.037300
0.165373 0.497341 -0.025965
0.142385 0.482494 -0.000601
0.150123 0.485175 -0.036584
0.166535 0.498486 -0.019892
0.143655 0.480475 -0.033607
0.147036 0.482798 -0.035334
0.165106 0.496651 -0.026861
0.144863 0.481218 -0.034348
0.164931 0.495815 -0.028078
0.162506 0.495854 -0.003231
0.140359 0.479528 -0.003316
0.164528 0.494349 -0.030040
0.153666 0.488947 0.001382
0.158466 0.491620 0.001636
0.139063 0.476598 -0.008462
0.163922 0.492778 -0.031508
0.138530 0.474717 -0.015216
0.165964 0.495133 -0.006694
0.162591 0.490251 -0.032869
0.160994 0.487728 -0.034035
0.156378 0.487151 0.002535
0.140419 0.473483 -0.021186
0.159987 0.486416 -0.034552
0.168209 0.494133 -0.009920
0.158593 0.484868 -0.035129
0.158118 0.487370 0.002822
0.157194 0.483390 -0.035458
0.155987 0.482467 -0.035495
0.160893 0.489032 0.002062
0.143082 0.473732 -0.026187
0.153762 0.480498 -0.034680
0.146062 0.474889 -0.030252
0.147408 0.475668 -0.031950
0.150511 0.477795 -0.033293
0.148439 0.476320 -0.032485
0.153931 0.483196 0.002778
0.169532 0.493252 -0.011400
0.170093 0.493397 -0.012997
0.164126 0.489435 0.000557
0.171123 0.492099 -0.016113
0.169830 0.489570 -0.024432
0.169688 0.488879 -0.025468
0.171172 0.489866 -0.021615
0.167959 0.488927 -0.002257
0.146579 0.472770 0.000540
0.153059 0.477391 0.003150
0.169169 0.486356 -0.028676
0.157774 0.480541 0.004736
0.159319 0.478099 -0.033486
0.170508 0.487996 -0.004841
0.145060 0.469166 -0.005260
0.167699 0.483114 -0.030343
0.161899 0.481617 0.005242
0.171688 0.487641 -0.005559
0.152226 0.471314 -0.030081
0.173409 0.487995 -0.008794
0.144669 0.466526 -0.012162
0.165906 0.479972 -0.031354
0.165949 0.482202 0.003819
0.164144 0.477521 -0.031955
0.174751 0.486653 -0.012909
0.162708 0.475747 -0.031776
0.146928 0.464851 -0.017439
0.169435 0.482250 0.001911
0.159733 0.472411 -0.030531
0.175147 0.483812 -0.018512
0.157642 0.470111 -0.029381
0.150615 0.465360 -0.022668
0.153925 0.467085 -0.026213
0.172158 0.481630 -0.000432
0.174288 0.481207 -0.021009
0.173103 0.481617 -0.001207
0.174162 0.480269 -0.021999
0.176312 0.481792 -0.005274
0.178012 0.480999 -0.010165
0.174999 0.477398 -0.023207
0.158257 0.467430 0.005807
0.178288 0.479072 -0.016259
0.163809 0.470581 0.008084
0.172609 0.473946 -0.025636
0.176660 0.477100 -0.019347
0.176259 0.476563 -0.020491
0.166058 0.471495 0.008433
0.153877 0.462282 0.002682
0.169656 0.472565 0.007989
0.153434 0.459911 -0.002178
0.170715 0.469716 -0.026849
0.153191 0.457752 -0.007198
0.168604 0.466541 -0.027121
0.173576 0.471989 0.006611
0.154584 0.456641 -0.014134
0.157288 0.457423 -0.018681
0.171179 0.468996 0.009021
0.163167 0.460356 -0.024065
0.176437 0.471960 0.003455
0.177202 0.472008 0.002595
0.168942 0.466543 0.009476
0.167319 0.464714 0.009364
0.180358 0.472392 -0.000367
0.163209 0.460739 0.007812
