function [vertices,faces] = myfun()
vertices = [
0.216235 0.376334 0.018922
0.217318 0.376941 0.019870
0.217979 0.377259 0.021088
0.216325 0.377028 0.024565
0.215053 0.375269 0.018677
0.217801 0.377258 0.023009
0.214529 0.375844 0.025566
0.213462 0.374865 0.024873
0.213958 0.374074 0.019170
0.212800 0.374121 0.023951
0.212734 0.373495 0.022543
0.213313 0.373347 0.020657
0.217979 0.373599 0.021439
0.217323 0.373978 0.025666
0.217551 0.373254 0.021102
0.218217 0.373766 0.022094
0.217982 0.373515 0.021475
0.215767 0.373202 0.026341
0.218363 0.374159 0.024324
0.217698 0.373234 0.021196
0.218239 0.373605 0.021999
0.214780 0.372246 0.025694
0.218449 0.373767 0.023653
0.218456 0.373606 0.023384
0.216866 0.372189 0.020835
0.216066 0.371711 0.020517
0.214097 0.371395 0.024948
0.217117 0.372227 0.020969
0.215216 0.370988 0.020831
0.214087 0.370870 0.023548
0.214341 0.370682 0.021957
0.217041 0.370997 0.026329
0.216361 0.370551 0.025955
0.218297 0.371387 0.026023
0.217901 0.370387 0.021651
0.216948 0.369855 0.021537
0.217142 0.369908 0.021648
0.215747 0.369814 0.025177
0.217289 0.369914 0.021580
0.218993 0.371337 0.025494
0.219069 0.371311 0.025144
0.219478 0.371309 0.024097
0.219042 0.370763 0.022693
0.216627 0.369324 0.021839
0.219379 0.371301 0.024957
0.215819 0.369218 0.024073
0.216022 0.368978 0.023370
0.216374 0.368962 0.022781
0.217733 0.369774 0.026025
0.219626 0.370371 0.024563
0.218303 0.369226 0.022531
0.219890 0.370341 0.024384
0.218553 0.369184 0.022381
0.219623 0.370164 0.024803
0.218976 0.369919 0.025624
0.218196 0.368935 0.022575
0.219268 0.369495 0.023527
0.216981 0.368416 0.024181
0.219530 0.369475 0.023339
0.217732 0.368824 0.025257
0.219281 0.369276 0.023695
0.217816 0.368411 0.023159
0.218835 0.368889 0.024546
];
faces = [
25 15 20 28
20 17 43 35
24 21 16 23
17 21 42 43
37 39 53 51
36 25 28 37
50 52 45 41
23 40 41 24
56 36 37 51
51 53 59 57
57 61 56 51
57 59 52 50
59 53 35 43
50 54 61 57
52 59 43 42
41 40 54 50
13 16 21 17
17 20 15 13
25 26 5 1
13 15 1 2
19 23 3 6
16 13 2 3
30 31 47 46
47 48 62 58
48 31 29 44
60 58 62 63
36 44 29 26
31 12 9 29
19 6 4 14
30 11 12 31
7 18 14 4
8 22 18 7
27 22 8 10
27 10 11 30
34 55 54 40
61 54 55 63
56 61 63 62
46 38 27 30
60 38 46 58
33 38 60 49
33 32 18 22
49 55 34 32
14 34 40 19
29 9 5 26
27 38 33 22
49 60 63 55
18 32 34 14
35 28 20 20
35 39 28 28
21 24 42 42
42 24 45 45
28 39 37 37
24 41 45 45
35 53 39 39
52 42 45 45
15 25 1 1
3 23 16 16
48 47 31 31
47 58 46 46
44 62 48 48
36 56 44 44
44 56 62 62
26 25 36 36
19 40 23 23
32 33 49 49
];
