function [vertices,faces] = myfun()
vertices = [
0.225089 0.376199 0.034139
0.226010 0.376156 0.032585
0.223799 0.375329 0.034655
0.225962 0.375609 0.030441
0.222805 0.374387 0.034504
0.224868 0.374232 0.028494
0.221856 0.373513 0.033690
0.221220 0.372851 0.032414
0.221040 0.372321 0.030615
0.223714 0.373223 0.028005
0.222673 0.372485 0.028536
0.221556 0.372058 0.029447
0.225825 0.374023 0.034639
0.224425 0.373225 0.035155
0.226779 0.373935 0.033157
0.226809 0.373521 0.031041
0.223473 0.372398 0.034996
0.225760 0.372344 0.029386
0.221415 0.370315 0.031227
0.222612 0.371463 0.034409
0.221925 0.370781 0.033308
0.222019 0.370190 0.029989
0.224510 0.371198 0.028773
0.223213 0.370479 0.028997
0.225196 0.370967 0.036111
0.227250 0.371491 0.033509
0.221914 0.368516 0.032422
0.222335 0.368379 0.031037
0.224160 0.370244 0.036126
0.226510 0.371187 0.035312
0.227285 0.370860 0.031716
0.226411 0.370129 0.030435
0.227289 0.371135 0.033489
0.227236 0.371042 0.033333
0.222347 0.368654 0.034297
0.225046 0.369208 0.029817
0.223130 0.369236 0.035552
0.223594 0.368450 0.029997
0.227274 0.370486 0.031871
0.227245 0.370413 0.031907
0.226374 0.369636 0.030898
0.226389 0.369615 0.031026
0.226646 0.370473 0.035035
0.226645 0.370415 0.034872
0.225539 0.368893 0.030661
0.225779 0.369000 0.030823
0.223388 0.368447 0.035525
0.222404 0.367236 0.033381
0.222901 0.367113 0.034501
0.224489 0.368273 0.036515
0.225817 0.368344 0.036723
0.223363 0.365788 0.032362
0.226783 0.368277 0.036456
0.226833 0.368273 0.036293
0.226934 0.368274 0.036316
0.225721 0.366749 0.031501
0.225666 0.366572 0.031411
0.226010 0.366668 0.031420
0.225508 0.366300 0.031278
0.224618 0.365827 0.031513
0.224623 0.366528 0.036199
0.227777 0.367853 0.034751
0.227110 0.366892 0.032082
0.227784 0.367384 0.033275
0.224021 0.365123 0.033281
0.224464 0.365301 0.034727
0.226015 0.366339 0.036236
0.227519 0.366870 0.035398
0.227701 0.366881 0.035312
0.226847 0.365856 0.032669
0.227452 0.366672 0.035758
0.227035 0.365838 0.032560
0.226700 0.365566 0.032644
0.225643 0.364879 0.032882
0.227659 0.366060 0.033934
0.227826 0.366048 0.033817
0.227583 0.365801 0.034038
0.226027 0.365051 0.034554
];
faces = [
56 58 72 70
63 58 46 42
46 56 57 45
68 69 55 54
43 53 54 44
44 55 62 34
70 73 57 56
70 72 76 75
75 77 73 70
75 76 69 68
63 64 76 72
68 71 77 75
69 76 64 62
54 53 71 68
62 64 40 34
34 33 43 44
64 63 42 40
46 45 41 42
39 40 42 41
33 34 40 39
59 36 45 57
59 73 74 60
16 18 6 4
15 16 4 2
36 32 41 45
60 38 36 59
25 51 53 30
43 33 26 30
78 74 73 77
31 39 41 32
33 39 31 26
51 67 71 53
67 78 77 71
13 1 3 14
10 23 24 11
17 14 3 5
7 20 17 5
8 21 20 7
21 8 9 19
19 9 12 22
11 24 22 12
66 49 48 65
21 35 37 20
37 47 50 29
66 65 74 78
47 49 66 61
61 66 78 67
26 31 16 15
31 32 18 16
32 36 23 18
30 26 15 13
18 23 10 6
38 24 23 36
30 13 14 25
13 15 2 1
24 38 28 22
22 28 27 19
52 28 38 60
35 21 19 27
48 27 28 52
20 37 29 17
65 52 60 74
50 61 67 51
50 51 25 29
29 25 14 17
46 58 56 56
44 54 55 55
72 58 63 63
62 55 69 69
59 57 73 73
30 53 43 43
49 35 48 48
27 48 35 35
49 47 35 35
37 35 47 47
52 65 48 48
47 61 50 50
];
