function [vertices,faces] = myfun()
vertices = [
0.189879 0.426372 0.027881
0.188827 0.425189 0.025789
0.189577 0.425570 0.029250
0.188170 0.424163 0.027247
0.191641 0.425894 0.030972
0.189274 0.424528 0.030822
0.187291 0.422758 0.029325
0.187660 0.421429 0.024264
0.191352 0.424710 0.032808
0.193907 0.425955 0.033191
0.189127 0.423062 0.033282
0.187211 0.421463 0.031157
0.195669 0.426030 0.033462
0.186929 0.419897 0.026866
0.192858 0.424288 0.035457
0.193333 0.424506 0.035476
0.191372 0.423409 0.035342
0.193886 0.424624 0.035675
0.194764 0.424620 0.035843
0.189749 0.421851 0.035458
0.197787 0.425321 0.033617
0.195810 0.424545 0.036185
0.194386 0.423883 0.036859
0.194803 0.424072 0.036779
0.187540 0.419735 0.033868
0.186818 0.418468 0.029339
0.193612 0.423382 0.036996
0.192903 0.422963 0.037103
0.192027 0.422447 0.037237
0.195997 0.424227 0.036869
0.187894 0.417537 0.024632
0.190851 0.420805 0.037622
0.200127 0.424592 0.033818
0.188531 0.418809 0.035979
0.187037 0.417173 0.031542
0.198352 0.423543 0.036280
0.187759 0.416355 0.027075
0.201297 0.424389 0.033631
0.195583 0.422075 0.039876
0.195229 0.421861 0.039968
0.196172 0.422269 0.039711
0.194905 0.421668 0.040051
0.194379 0.421358 0.040189
0.193739 0.420980 0.040360
0.197690 0.422607 0.039338
0.200197 0.423027 0.035863
0.203186 0.424062 0.033326
0.196315 0.421541 0.041120
0.190094 0.417817 0.038381
0.195887 0.421331 0.041227
0.195564 0.421175 0.041308
0.194831 0.420822 0.041495
0.194256 0.420547 0.041642
0.192576 0.419464 0.040787
0.187732 0.415798 0.034489
0.188158 0.415046 0.029427
0.196885 0.421542 0.040962
0.201878 0.422784 0.035582
0.199438 0.421863 0.038390
0.194801 0.420178 0.042733
0.195444 0.420448 0.042598
0.196066 0.420709 0.042469
0.192876 0.419025 0.042301
0.196465 0.420878 0.042385
0.197073 0.421138 0.042263
0.198814 0.421418 0.040454
0.193812 0.419234 0.043094
0.200729 0.421605 0.037599
0.190420 0.413804 0.025030
0.198205 0.420919 0.042326
0.189029 0.415175 0.036958
0.195661 0.419760 0.043776
0.193916 0.418801 0.043728
0.196137 0.419890 0.043726
0.204193 0.422512 0.035255
0.196841 0.420083 0.043652
0.191599 0.416888 0.041060
0.197286 0.420207 0.043607
0.189025 0.413723 0.031683
0.197913 0.420382 0.043547
0.193087 0.417732 0.043362
0.200251 0.420631 0.039742
0.202317 0.421255 0.037504
0.201116 0.420715 0.038328
0.198615 0.420310 0.043296
0.190526 0.412869 0.027211
0.199369 0.420239 0.043030
0.190296 0.414623 0.038859
0.192347 0.415857 0.042683
0.200306 0.419878 0.042197
0.204309 0.420886 0.037494
0.202864 0.419851 0.038713
0.191251 0.414017 0.040557
0.201989 0.419271 0.039627
0.191489 0.411879 0.029347
0.190595 0.412271 0.034801
0.205723 0.420474 0.037528
0.201457 0.418842 0.041149
0.191303 0.412224 0.036713
0.192061 0.413533 0.041757
0.192036 0.412201 0.038608
0.204646 0.418838 0.039187
0.196080 0.411790 0.025047
0.192430 0.411062 0.031547
0.202597 0.418063 0.041789
0.203416 0.418144 0.040108
0.202603 0.417869 0.041187
0.192773 0.411925 0.040123
0.193261 0.412080 0.041032
0.196628 0.410963 0.027155
0.203338 0.416873 0.042319
0.204772 0.417007 0.040674
0.203612 0.416557 0.041530
0.193744 0.409944 0.034653
0.196464 0.409921 0.029080
0.203676 0.416007 0.042123
0.194354 0.409736 0.036184
0.207468 0.417067 0.040110
0.203491 0.415294 0.042531
0.203582 0.415202 0.042420
0.204132 0.415327 0.042481
0.195082 0.409628 0.038132
0.197219 0.409234 0.031223
0.204102 0.414811 0.042610
0.196452 0.410433 0.040950
0.196556 0.410434 0.041172
0.195889 0.409826 0.039928
0.204617 0.414738 0.042974
0.205065 0.414887 0.042657
0.204379 0.414467 0.043013
0.200456 0.409745 0.028419
0.203286 0.413546 0.042799
0.203400 0.413425 0.042667
0.203455 0.413350 0.043502
0.200991 0.409545 0.029610
0.206675 0.414771 0.042020
0.197146 0.409851 0.042385
0.203693 0.413283 0.042877
0.204614 0.413768 0.043022
0.198237 0.408666 0.034843
0.204755 0.413257 0.041596
0.201524 0.409586 0.031469
0.203999 0.412816 0.042664
0.198744 0.408681 0.036497
0.202161 0.411524 0.042778
0.200468 0.410523 0.042509
0.200344 0.410385 0.042193
0.202219 0.411304 0.042721
0.200280 0.410074 0.041917
0.205856 0.412885 0.042123
0.199431 0.408837 0.038561
0.200101 0.409629 0.041043
0.202278 0.410975 0.042326
0.204438 0.412063 0.042293
0.204783 0.411689 0.040809
0.202523 0.410318 0.041671
0.205582 0.411788 0.041893
0.202034 0.408616 0.035303
0.202544 0.409508 0.039609
0.202327 0.408958 0.037378
0.204843 0.410985 0.041940
0.203518 0.408735 0.033959
0.204386 0.410047 0.038683
0.203780 0.409070 0.035499
0.204088 0.409535 0.037151
0.205262 0.410454 0.040912
0.205402 0.409579 0.040289
];
faces = [
150 136 112 129
110 115 95 86
131 135 115 110
150 129 128 141
91 75 58 83
46 68 83 58
97 91 102 118
167 166 161 163
37 56 26 14
7 3 1 4
7 4 14 26
160 158 164 165
123 115 135 142
75 47 38 58
33 46 58 38
136 118 102 112
86 95 56 37
147 146 137 126
129 113 116 121
94 107 113 106
113 107 105 111
53 63 67 60
74 76 62 61
90 66 70 87
48 65 70 57
90 98 82 66
124 130 128 121
152 149 125 127
149 147 126 125
152 156 153 149
151 152 127 122
109 108 127 125
102 91 83 92
68 84 92 83
59 82 94 84
84 94 106 92
112 102 92 106
143 148 153 154
155 139 143 154
154 153 156 161
145 147 149 148
138 143 139 130
130 139 141 128
157 141 139 155
133 138 130 124
161 166 155 154
116 120 124 121
54 44 29 32
43 42 27 28
44 54 63 53
77 54 32 49
9 11 20 17
17 20 32 29
55 96 99 71
101 88 71 99
99 96 114 117
96 55 35 79
26 56 79 35
25 55 71 34
88 49 34 71
108 93 88 101
77 89 81 63
11 25 34 20
49 32 20 34
3 7 12 6
25 11 6 12
12 7 26 35
49 88 93 77
89 77 93 100
133 132 145 148
9 5 6 11
81 73 67 63
133 120 119 132
23 39 41 24
45 30 24 41
46 33 21 36
82 59 45 66
144 140 158 160
161 156 159 163
117 114 140 144
159 156 152 151
115 123 104 95
56 95 104 79
114 96 79 104
122 127 108 101
82 98 107 94
52 51 42 43
61 62 51 52
41 39 48 57
28 27 16 15
23 24 19 18
27 23 18 16
23 27 42 40
39 40 50 48
48 50 64 65
65 64 78 80
72 74 61 60
60 61 52 53
53 52 43 44
44 43 28 29
29 28 15 17
10 9 17 15
13 10 18 19
24 30 22 19
45 41 57 66
76 78 64 62
62 64 50 51
51 50 40 42
65 80 85 70
25 12 35 55
114 104 123 140
140 123 142 158
158 142 162 164
101 99 117 122
122 117 144 151
151 144 160 159
159 160 165 163
103 110 86 69
69 86 37 31
31 37 14 8
8 14 4 2
22 36 21 13
36 59 68 46
30 45 59 36
147 145 146 146
134 145 132 132
113 112 106 106
113 129 112 112
111 116 113 113
72 60 67 67
67 73 72 72
107 98 105 105
116 119 120 120
129 121 128 128
59 84 68 68
153 148 149 149
148 143 138 138
133 148 138 138
133 124 120 120
54 77 63 63
109 93 108 108
109 100 93 93
125 126 109 109
23 40 39 39
22 30 36 36
70 66 57 57
85 87 70 70
15 16 10 10
16 18 10 10
13 19 22 22
];
