function [vertices,faces] = myfun()
vertices = [
0.195661 0.419760 0.043776
0.193916 0.418801 0.043728
0.196137 0.419890 0.043726
0.196841 0.420083 0.043652
0.197286 0.420207 0.043607
0.197913 0.420382 0.043547
0.193087 0.417732 0.043362
0.194868 0.418611 0.044620
0.198615 0.420310 0.043296
0.196526 0.419248 0.044743
0.196975 0.419356 0.044707
0.199369 0.420239 0.043030
0.197539 0.419494 0.044662
0.198158 0.419644 0.044612
0.198694 0.419774 0.044569
0.194042 0.417231 0.045031
0.192347 0.415857 0.042683
0.200306 0.419878 0.042197
0.199295 0.419740 0.044348
0.195284 0.417705 0.045863
0.200155 0.419692 0.044034
0.197115 0.418303 0.046009
0.197487 0.418417 0.045933
0.198335 0.418673 0.045760
0.198800 0.418812 0.045665
0.199391 0.418986 0.045545
0.201070 0.419348 0.043573
0.200006 0.418988 0.045346
0.201457 0.418842 0.041149
0.195523 0.416808 0.046971
0.197292 0.417623 0.046973
0.197841 0.417783 0.046876
0.200812 0.418992 0.045087
0.198724 0.417996 0.046670
0.192061 0.413533 0.041757
0.199261 0.418126 0.046545
0.194112 0.415364 0.046233
0.199913 0.418283 0.046392
0.201526 0.418717 0.044672
0.201979 0.418504 0.042355
0.200478 0.418213 0.046238
0.197466 0.416983 0.048289
0.198489 0.417367 0.047944
0.195991 0.416030 0.048553
0.199163 0.417466 0.047751
0.202597 0.418063 0.041789
0.199759 0.417555 0.047581
0.200366 0.417645 0.047408
0.201701 0.418061 0.045915
0.202533 0.417800 0.043725
0.195278 0.414607 0.048252
0.193623 0.413087 0.045314
0.193261 0.412080 0.041032
0.202396 0.417206 0.046876
0.203338 0.416873 0.042319
0.198377 0.415696 0.051021
0.200016 0.416255 0.050606
0.202982 0.416715 0.045020
0.203302 0.416448 0.042939
0.197051 0.414544 0.051469
0.194962 0.412617 0.047598
0.203676 0.416007 0.042123
0.201847 0.416098 0.050186
0.194469 0.411114 0.043992
0.203491 0.415294 0.042531
0.196540 0.413218 0.051371
0.203580 0.415459 0.044332
0.203392 0.415713 0.046325
0.199285 0.414251 0.053450
0.196556 0.410434 0.041172
0.203598 0.415462 0.049536
0.195711 0.410771 0.046578
0.201156 0.414703 0.053091
0.196552 0.411859 0.050971
0.203286 0.413546 0.042799
0.203905 0.414194 0.045810
0.198033 0.412642 0.053934
0.203455 0.413350 0.043502
0.197146 0.409851 0.042385
0.203023 0.414422 0.052837
0.204495 0.413992 0.048788
0.197526 0.411267 0.054094
0.197037 0.410238 0.050060
0.202161 0.411524 0.042778
0.204096 0.412942 0.045471
0.200468 0.410523 0.042509
0.198218 0.409333 0.045060
0.204730 0.413083 0.048370
0.197382 0.409957 0.053947
0.204991 0.413473 0.052041
0.202978 0.410794 0.045092
0.201128 0.409546 0.044833
0.204775 0.411774 0.047912
0.199418 0.408881 0.048275
0.197974 0.408536 0.052245
0.205915 0.412121 0.050891
0.203513 0.410061 0.047748
0.201954 0.409047 0.047728
0.200280 0.408021 0.049920
0.205707 0.410443 0.049736
0.200535 0.407777 0.050327
0.202746 0.408657 0.049250
0.202763 0.408253 0.049616
0.204319 0.408855 0.049608
];
faces = [
11 13 4 3
20 22 10 8
37 30 20 16
8 2 7 16
27 18 12 21
21 12 9 19
6 15 19 9
59 50 58 67
58 50 39 49
58 68 76 67
89 82 66 74
97 93 100 104
93 88 96 100
90 96 81 71
82 77 60 66
77 69 56 60
69 73 57 56
73 80 63 57
80 90 71 63
66 60 44 51
60 56 42 44
61 74 66 51
51 44 30 37
37 16 7 17
52 37 17 35
84 91 92 86
64 52 35 53
52 64 72 61
79 64 53 70
37 52 61 51
79 87 72 64
101 99 102 103
78 85 91 84
93 97 91 85
67 76 85 78
88 93 85 76
68 81 88 76
49 54 68 58
71 81 68 54
54 49 41 48
63 71 54 48
32 43 45 34
48 38 36 47
38 41 28 26
31 42 43 32
23 32 34 24
38 26 25 36
56 57 43 42
30 44 42 31
20 30 31 22
74 83 95 89
98 102 99 94
95 83 94 99
97 104 102 98
61 72 83 74
87 94 83 72
39 50 40 27
27 21 33 39
19 15 26 28
23 24 13 11
86 92 87 79
92 98 94 87
91 97 98 92
59 65 62 55
40 29 18 27
6 5 14 15
15 14 25 26
24 34 36 25
34 45 47 36
48 47 57 63
22 23 11 10
10 11 3 1
21 19 28 33
33 28 41 49
24 25 14 13
13 14 5 4
22 31 32 23
41 38 48 48
45 43 57 57
8 10 1 1
1 2 8 8
16 20 8 8
59 40 50 50
67 65 59 59
67 75 65 65
75 67 78 78
95 99 101 101
104 103 102 102
96 88 81 81
33 49 39 39
40 55 46 46
40 59 55 55
46 29 40 40
47 45 57 57
];
