function [vertices,faces] = myfun()
vertices = [
0.222700 0.385384 0.030818
0.222006 0.385059 0.032083
0.223018 0.385138 0.029784
0.221298 0.383384 0.025365
0.222875 0.384509 0.027631
0.222102 0.383608 0.025962
0.219827 0.383644 0.033288
0.222916 0.384780 0.030781
0.219581 0.382017 0.025092
0.220194 0.382363 0.025288
0.221542 0.382884 0.025658
0.223138 0.384125 0.030118
0.222208 0.382929 0.026437
0.222909 0.383391 0.028322
0.222784 0.383910 0.031767
0.221166 0.381702 0.025794
0.218825 0.380417 0.025494
0.223060 0.383351 0.030794
0.222907 0.382655 0.028576
0.222105 0.381928 0.026885
0.217854 0.379689 0.027040
0.216933 0.379823 0.031027
0.219616 0.381617 0.033269
0.217154 0.378994 0.028957
0.218461 0.380345 0.032713
0.221249 0.381836 0.033604
0.219713 0.380908 0.033432
0.221180 0.379853 0.025939
0.222548 0.380670 0.027109
0.222988 0.381929 0.032911
0.223507 0.381289 0.029141
0.223646 0.381712 0.031302
0.220254 0.378510 0.026047
0.218583 0.377740 0.027409
0.218294 0.377135 0.031815
0.219397 0.377724 0.033307
0.220830 0.378486 0.033942
0.224690 0.379923 0.031743
0.224458 0.379398 0.029684
0.222477 0.379035 0.033975
0.223781 0.379563 0.033496
0.218493 0.376129 0.029722
0.223458 0.378269 0.027784
0.222066 0.377204 0.026838
0.220983 0.376260 0.027074
0.219456 0.375533 0.028355
0.223118 0.376953 0.034482
0.221945 0.376064 0.034376
0.224672 0.377373 0.033826
0.225567 0.377320 0.032270
0.225429 0.376859 0.030174
0.220878 0.375002 0.033611
0.224367 0.375748 0.028248
0.225439 0.376654 0.030249
0.220139 0.374134 0.032381
0.224657 0.375782 0.028680
0.224421 0.375554 0.028299
0.223200 0.374589 0.027536
0.225599 0.376287 0.030328
0.220285 0.373473 0.030320
0.222022 0.373819 0.028049
0.225758 0.376069 0.030345
0.220936 0.373335 0.029146
0.225089 0.376199 0.034139
0.226010 0.376156 0.032585
0.223799 0.375329 0.034655
0.225962 0.375609 0.030441
0.222805 0.374387 0.034504
0.224868 0.374232 0.028494
0.221856 0.373513 0.033690
0.221220 0.372851 0.032414
0.221040 0.372321 0.030615
0.223714 0.373223 0.028005
0.222673 0.372485 0.028536
0.221556 0.372058 0.029447
];
faces = [
1 2 15 8
12 8 15 18
11 16 10 4
9 10 16 28
16 11 13 20
19 14 12 18
30 32 18 15
29 28 16 20
20 13 14 19
20 19 31 29
14 13 6 5
32 31 19 18
12 14 5 3
53 58 44 43
58 57 69 73
54 50 65 59
50 51 39 38
56 53 51 54
51 53 43 39
56 59 62 57
69 57 62 67
66 64 49 47
48 68 66 47
49 41 40 47
49 64 65 50
74 61 58 73
61 45 44 58
61 74 75 63
27 25 36 37
27 37 40 26
36 52 48 37
22 35 36 25
42 24 34 46
60 42 46 63
46 34 33 45
35 22 24 42
48 47 40 37
68 48 52 70
70 52 55 71
60 72 71 55
35 55 52 36
55 35 42 60
63 75 72 60
46 45 61 63
27 26 7 23
49 50 38 41
28 29 43 44
29 31 39 43
31 32 38 39
30 41 38 32
41 30 26 40
28 44 45 33
30 2 7 26
9 28 33 17
34 21 17 33
3 1 8 8
15 2 30 30
11 4 6 6
3 8 12 12
13 11 6 6
58 53 57 57
53 56 57 57
51 50 54 54
59 56 54 54
62 59 65 65
62 65 67 67
27 23 25 25
21 34 24 24
];
