function [vertices,faces] = myfun()
vertices = [
0.199285 0.414251 0.053450
0.201156 0.414703 0.053091
0.198033 0.412642 0.053934
0.203023 0.414422 0.052837
0.197526 0.411267 0.054094
0.200130 0.412209 0.055569
0.198534 0.411098 0.055216
0.201948 0.412804 0.055173
0.197836 0.410464 0.054762
0.197382 0.409957 0.053947
0.204991 0.413473 0.052041
0.197448 0.409870 0.054109
0.203975 0.412876 0.054369
0.197974 0.408536 0.052245
0.198028 0.408359 0.052421
0.205915 0.412121 0.050891
0.205691 0.412438 0.053329
0.200922 0.410174 0.056935
0.198566 0.408691 0.056097
0.199422 0.409217 0.056668
0.197994 0.408094 0.055292
0.202627 0.410683 0.056690
0.198854 0.408271 0.056595
0.204476 0.410937 0.055865
0.205707 0.410443 0.049736
0.206644 0.411258 0.052023
0.200535 0.407777 0.050327
0.200667 0.407359 0.050659
0.202763 0.408253 0.049616
0.205949 0.410858 0.054942
0.198566 0.407250 0.056289
0.198734 0.406776 0.053319
0.204319 0.408855 0.049608
0.201581 0.408801 0.058496
0.202900 0.407854 0.049832
0.201698 0.408599 0.058570
0.203281 0.409308 0.058175
0.203351 0.409088 0.058255
0.206490 0.409273 0.050616
0.200732 0.407668 0.058457
0.204869 0.409511 0.057556
0.200973 0.407654 0.058514
0.200155 0.407103 0.058446
0.200972 0.406236 0.051430
0.204874 0.409298 0.057671
0.207198 0.409649 0.053588
0.203559 0.406948 0.050609
0.205039 0.407552 0.050416
0.199598 0.405455 0.054909
0.199923 0.406056 0.058121
0.205790 0.408863 0.057121
0.205659 0.408702 0.057266
0.206826 0.408997 0.056709
0.207160 0.407950 0.052066
0.202817 0.406834 0.061476
0.204514 0.407528 0.061173
0.205832 0.406492 0.051983
0.201824 0.404609 0.053445
0.207768 0.408051 0.055654
0.204402 0.405579 0.052404
0.202089 0.405853 0.061054
0.203096 0.406528 0.062086
0.202076 0.405787 0.060990
0.201971 0.405686 0.061015
0.203099 0.406397 0.062063
0.201924 0.405492 0.060900
0.206399 0.407672 0.060298
0.201051 0.404208 0.056930
0.203152 0.406227 0.062201
0.204976 0.406958 0.062165
0.204999 0.406855 0.062138
0.207341 0.407524 0.059827
0.207375 0.407477 0.059777
0.201710 0.404641 0.060393
0.205075 0.406694 0.062264
0.207505 0.407481 0.059714
0.207743 0.406655 0.054850
0.206780 0.407180 0.060940
0.206814 0.407070 0.060856
0.206926 0.406895 0.060973
0.203516 0.405304 0.061977
0.203096 0.403874 0.056107
0.206598 0.405309 0.054715
0.207965 0.406725 0.058887
0.205582 0.404649 0.055113
0.205257 0.405666 0.062045
0.207222 0.406195 0.060720
0.203265 0.404232 0.061317
0.202538 0.403508 0.059494
0.207766 0.405475 0.058091
0.205169 0.404329 0.060863
0.204384 0.403537 0.058811
0.206941 0.404841 0.059637
0.206544 0.404301 0.057841
];
faces = [
65 62 61 63
40 64 63 42
36 42 61 55
73 72 78 79
52 45 67 72
76 51 52 73
65 63 64 69
71 70 62 65
75 71 65 69
56 55 62 70
79 78 70 71
80 79 71 75
67 56 70 78
79 80 76 73
38 36 55 56
45 38 56 67
38 37 34 36
45 41 37 38
52 51 41 45
34 40 42 36
17 30 46 26
17 26 16 11
39 26 46 54
46 30 53 59
17 13 24 30
9 5 10 12
9 12 21 19
10 14 15 12
7 3 5 9
48 33 25 39
48 39 54 57
39 25 16 26
47 35 33 48
17 11 4 13
7 9 19 20
6 1 3 7
6 7 20 18
8 2 1 6
8 6 18 22
13 4 2 8
13 8 22 24
43 40 20 23
31 23 19 21
88 81 66 74
74 66 43 50
69 64 66 81
81 88 91 86
89 74 50 68
23 31 50 43
40 43 66 64
59 53 76 84
69 81 86 75
80 87 84 76
80 75 86 87
24 41 51 30
22 18 34 37
24 22 37 41
18 20 40 34
27 28 15 14
32 15 28 44
28 27 29 35
35 47 44 28
32 21 12 15
93 90 84 87
91 93 87 86
77 59 84 90
92 94 93 91
91 88 89 92
92 82 85 94
49 32 44 58
68 49 58 82
58 44 47 60
49 31 21 32
89 68 82 92
82 58 60 85
68 50 31 49
60 47 48 57
85 60 57 83
77 83 57 54
83 77 90 94
54 46 59 77
42 63 61 61
52 72 73 73
62 55 61 61
78 72 67 67
19 23 20 20
74 89 88 88
51 76 53 53
51 53 30 30
29 33 35 35
90 93 94 94
85 83 94 94
];
