function [vertices,faces] = myfun()
vertices = [
0.216906 0.397070 0.028562
0.217601 0.396391 0.026459
0.213281 0.392917 0.021619
0.217818 0.395798 0.025324
0.214829 0.393477 0.021282
0.217931 0.395498 0.024765
0.215421 0.393439 0.021684
0.212167 0.391876 0.022810
0.218012 0.395086 0.024472
0.210562 0.391042 0.024373
0.217669 0.394377 0.024069
0.217182 0.393703 0.023367
0.215715 0.394086 0.030409
0.210714 0.390594 0.027822
0.218371 0.393336 0.024900
0.211903 0.390851 0.029594
0.217968 0.393003 0.024254
0.217433 0.392549 0.023528
0.218358 0.393371 0.025425
0.218374 0.393417 0.025938
0.218426 0.393551 0.027485
0.213840 0.391792 0.031159
0.217548 0.393414 0.029789
0.215739 0.391022 0.022590
0.216466 0.392695 0.030749
0.214547 0.389843 0.022774
0.213437 0.388536 0.024113
0.215045 0.390549 0.031181
0.212122 0.387677 0.026396
0.212170 0.388114 0.028895
0.213272 0.388846 0.030580
0.219968 0.391009 0.028459
0.219981 0.390614 0.026736
0.219980 0.390423 0.025917
0.219719 0.390177 0.025409
0.219211 0.389713 0.024354
0.219069 0.390686 0.030528
0.217847 0.390115 0.031404
0.217396 0.388256 0.023216
0.216245 0.387314 0.023391
0.215803 0.388588 0.031685
0.214049 0.387320 0.031179
0.214834 0.386326 0.024658
0.212942 0.385731 0.027073
0.213000 0.386108 0.029618
0.221343 0.387916 0.029120
0.220506 0.387719 0.031095
0.219151 0.387165 0.032078
0.221383 0.387275 0.027129
0.220741 0.386576 0.025554
0.216879 0.385795 0.032365
0.218955 0.385352 0.024162
0.221598 0.387531 0.029301
0.221370 0.387207 0.030843
0.217881 0.384184 0.024304
0.214538 0.383464 0.030327
0.214798 0.382970 0.027887
0.216128 0.383282 0.025857
0.215518 0.384028 0.032092
0.220207 0.385032 0.024616
0.222518 0.385374 0.027219
0.222818 0.385874 0.029331
0.222473 0.385849 0.030391
0.221777 0.384470 0.025580
0.215675 0.381805 0.030588
0.222700 0.385384 0.030818
0.216532 0.382298 0.032112
0.222006 0.385059 0.032083
0.223018 0.385138 0.029784
0.221298 0.383384 0.025365
0.217803 0.382870 0.032861
0.222875 0.384509 0.027631
0.222102 0.383608 0.025962
0.216096 0.380905 0.028480
0.219827 0.383644 0.033288
0.219581 0.382017 0.025092
0.220194 0.382363 0.025288
0.218825 0.380417 0.025494
0.217854 0.379689 0.027040
0.216933 0.379823 0.031027
0.219616 0.381617 0.033269
0.217154 0.378994 0.028957
0.218461 0.380345 0.032713
];
faces = [
7 12 18 24
12 11 17 18
24 18 36 39
68 66 63 54
60 50 64 70
49 61 64 50
73 64 61 72
53 62 61 49
36 35 49 50
54 63 62 53
72 61 62 69
25 23 1 13
2 1 23 21
25 38 37 23
28 25 13 22
22 16 31 28
16 14 30 31
41 28 31 42
14 10 29 30
42 31 30 45
10 8 27 29
29 44 45 30
3 26 27 8
27 43 44 29
28 41 38 25
67 83 81 71
65 80 83 67
59 67 71 51
75 48 51 71
80 65 74 82
67 59 56 65
57 74 65 56
58 79 74 57
38 48 47 37
21 23 37 32
48 38 41 51
6 4 20 19
5 24 26 3
18 17 35 36
19 20 33 34
39 36 50 52
55 40 39 52
46 49 33 32
32 37 47 46
40 26 24 39
48 75 68 47
52 60 77 76
78 55 52 76
44 57 56 45
43 58 57 44
59 42 45 56
51 41 42 59
26 40 43 27
40 55 58 43
55 78 79 58
34 35 17 15
15 17 11 9
32 33 20 21
21 20 4 2
9 6 19 15
49 34 33 33
7 24 5 5
52 50 60 60
60 70 77 77
70 64 73 73
66 69 63 63
68 54 47 47
62 63 69 69
54 53 47 47
49 46 53 53
81 75 71 71
79 82 74 74
46 47 53 53
49 35 34 34
34 15 19 19
];
