function [vertices,faces] = myfun()
vertices = [
0.220415 0.388244 0.044190
0.223564 0.389632 0.044405
0.219413 0.387187 0.043049
0.221447 0.388469 0.044843
0.224615 0.389840 0.043781
0.225221 0.389694 0.043115
0.219356 0.386064 0.041334
0.226050 0.389176 0.041925
0.219168 0.385074 0.039341
0.225569 0.388915 0.043005
0.225106 0.388539 0.043989
0.226118 0.388264 0.042395
0.226539 0.387928 0.039634
0.224576 0.387816 0.044888
0.220146 0.385327 0.044312
0.222807 0.386877 0.045817
0.223980 0.385746 0.036903
0.221889 0.386236 0.045712
0.224812 0.386139 0.036995
0.220487 0.384056 0.038049
0.225733 0.386642 0.037515
0.222657 0.384726 0.037179
0.225085 0.385756 0.037374
0.226677 0.386924 0.040213
0.226209 0.387143 0.043105
0.220082 0.383814 0.042564
0.220205 0.383393 0.040149
0.226022 0.385731 0.038076
0.225096 0.385090 0.037756
0.226852 0.385852 0.040738
0.224820 0.384125 0.037996
0.226237 0.384826 0.038642
0.223924 0.383429 0.038230
0.222168 0.382478 0.038855
0.223672 0.384588 0.046805
0.223170 0.384292 0.046922
0.225751 0.385451 0.046066
0.221353 0.382880 0.046088
0.227263 0.385027 0.044193
0.220871 0.381378 0.044034
0.227675 0.383936 0.041869
0.225541 0.382021 0.039407
0.226951 0.382724 0.039986
0.221477 0.380109 0.041722
0.223378 0.380512 0.040000
0.222533 0.380854 0.047157
0.224557 0.382065 0.048108
0.226506 0.382660 0.047483
0.222260 0.379069 0.045374
0.228303 0.382243 0.045891
0.228412 0.381402 0.043587
0.222708 0.377880 0.043019
0.227562 0.380131 0.041629
0.225692 0.380380 0.048909
0.226546 0.379367 0.041086
0.223589 0.378951 0.047966
0.224403 0.378109 0.041490
0.227532 0.380636 0.048716
0.223627 0.377472 0.046317
0.228756 0.380144 0.047137
0.229028 0.379533 0.044763
0.223931 0.376032 0.044159
0.228030 0.377824 0.043132
0.227321 0.377241 0.042532
0.225549 0.376082 0.042917
];
faces = [
24 28 21 13
8 12 24 13
53 63 64 55
51 61 63 53
50 60 61 51
54 58 48 47
46 56 54 47
48 37 35 47
48 58 60 50
65 57 55 64
42 55 57 45
57 65 62 52
9 20 34 27
9 27 26 7
27 34 45 44
33 34 20 22
27 44 40 26
52 44 45 57
45 34 33 42
1 18 16 4
14 2 4 16
35 16 18 36
3 15 18 1
15 38 36 18
47 36 38 46
26 40 38 15
49 59 56 46
52 62 59 49
46 38 40 49
49 40 44 52
7 26 15 3
32 29 23 28
19 23 29 17
6 5 11 10
17 31 33 22
32 43 42 31
37 48 50 39
14 37 39 25
39 50 51 41
25 39 41 30
37 14 16 35
5 2 14 11
10 11 25 12
12 25 30 24
41 51 53 43
30 41 43 32
24 30 32 28
43 53 55 42
21 23 19 19
21 28 23 23
8 6 10 10
12 8 10 10
42 33 31 31
25 11 14 14
36 47 35 35
31 29 32 32
29 31 17 17
];
