function [vertices,faces] = myfun()
vertices = [
0.219446 0.399177 0.054699
0.221123 0.399714 0.053748
0.217431 0.397825 0.054502
0.222270 0.399451 0.053018
0.216067 0.396021 0.053305
0.223593 0.398744 0.052207
0.222955 0.398621 0.053650
0.220718 0.397757 0.055860
0.218126 0.396296 0.055710
0.216338 0.394598 0.051688
0.222514 0.397951 0.055047
0.216827 0.394591 0.054192
0.217423 0.393754 0.050276
0.224249 0.397204 0.050254
0.224238 0.397660 0.052889
0.217074 0.393412 0.052479
0.224481 0.396412 0.049163
0.224736 0.396507 0.050905
0.218894 0.394561 0.057169
0.224778 0.396218 0.050092
0.223998 0.395402 0.048557
0.223102 0.394648 0.048207
0.224622 0.396368 0.053667
0.221822 0.395574 0.057448
0.218399 0.392385 0.051165
0.217696 0.392775 0.055785
0.220040 0.392445 0.049341
0.222173 0.393237 0.048370
0.223971 0.395611 0.056544
0.224951 0.394742 0.049987
0.225278 0.395044 0.051684
0.217933 0.391417 0.054263
0.225556 0.394512 0.054782
0.219606 0.390355 0.052698
0.220763 0.391682 0.058989
0.226110 0.393201 0.053227
0.223152 0.392705 0.059299
0.224456 0.391518 0.050776
0.225723 0.392316 0.051592
0.223729 0.390796 0.050710
0.219596 0.389886 0.057482
0.221750 0.389732 0.051450
0.225165 0.392690 0.058063
0.221415 0.390408 0.059484
0.223574 0.391467 0.060027
0.219973 0.388685 0.056062
0.226416 0.391916 0.056809
0.225694 0.391708 0.058824
0.220794 0.388678 0.058373
0.221415 0.387915 0.054707
0.226686 0.391017 0.057575
0.226944 0.390551 0.055063
0.220957 0.387521 0.056988
0.226733 0.389433 0.053443
0.223194 0.387433 0.053563
0.225307 0.388383 0.053059
0.227255 0.389523 0.055907
0.222015 0.386683 0.055609
0.226809 0.388069 0.054340
0.223497 0.386241 0.054493
0.225338 0.387069 0.054019
];
faces = [
18 31 30 20
20 30 21 17
31 36 39 30
31 18 15 23
15 7 11 23
11 29 33 23
7 4 2 11
6 15 18 14
23 33 36 31
52 54 39 36
52 36 33 47
39 54 56 38
52 57 59 54
43 29 24 37
37 45 48 43
19 35 37 24
8 24 29 11
47 33 29 43
47 51 57 52
43 48 51 47
35 44 45 37
60 55 56 61
58 50 55 60
53 46 50 58
46 53 49 41
41 49 44 35
42 27 28 40
3 9 8 1
1 8 11 2
9 19 24 8
9 3 5 12
16 12 5 10
16 10 13 25
26 12 16 32
12 26 19 9
32 16 25 34
34 25 27 42
21 30 38 22
61 56 54 59
40 28 22 38
55 42 40 56
50 34 42 55
19 26 41 35
46 32 34 50
32 46 41 26
18 20 14 14
15 6 7 7
4 7 6 6
17 14 20 20
27 25 13 13
38 30 39 39
56 40 38 38
];
