function [vertices,faces] = myfun()
vertices = [
0.212530 0.409193 0.045978
0.214437 0.409914 0.045500
0.209898 0.407380 0.045944
0.216035 0.409685 0.044081
0.208297 0.405797 0.045080
0.213387 0.408096 0.046825
0.215052 0.408858 0.046274
0.210692 0.406410 0.046615
0.217223 0.408990 0.043488
0.207742 0.403803 0.043141
0.215524 0.408236 0.046686
0.213789 0.407410 0.047371
0.216542 0.408396 0.045170
0.217942 0.408603 0.043194
0.211344 0.405746 0.047195
0.218180 0.408235 0.042714
0.217360 0.407794 0.044703
0.209561 0.403982 0.045954
0.218408 0.407875 0.042270
0.210156 0.403657 0.046413
0.218904 0.407098 0.041306
0.218217 0.407112 0.044248
0.218462 0.406683 0.043727
0.208477 0.401035 0.041527
0.218648 0.406358 0.043333
0.209928 0.401781 0.044832
0.215808 0.405365 0.049596
0.208851 0.400092 0.040406
0.219050 0.405651 0.042477
0.218715 0.404578 0.038743
0.213174 0.403641 0.049880
0.210612 0.401436 0.045421
0.218065 0.405641 0.048041
0.210590 0.400428 0.044008
0.218930 0.405218 0.046766
0.219568 0.404904 0.045824
0.219433 0.403877 0.040772
0.211781 0.401207 0.049054
0.218688 0.403140 0.040175
0.211412 0.400132 0.044686
0.219898 0.404363 0.045033
0.211342 0.399202 0.042562
0.217211 0.401857 0.040519
0.211083 0.398530 0.040927
0.220312 0.403688 0.044045
0.212685 0.398887 0.043442
0.214404 0.399158 0.040967
0.211726 0.398976 0.047990
0.215169 0.399442 0.041524
0.220265 0.402045 0.042626
0.216120 0.399437 0.042130
0.218197 0.401959 0.052466
0.220083 0.402451 0.050767
0.219614 0.400631 0.042236
0.212761 0.397644 0.046776
0.215429 0.400034 0.052885
0.221324 0.401963 0.048572
0.214789 0.397010 0.044781
0.217446 0.398052 0.043393
0.218813 0.400412 0.053687
0.214202 0.397588 0.052157
0.221941 0.400570 0.046605
0.220812 0.400984 0.052200
0.216862 0.398652 0.054124
0.222051 0.400481 0.050095
0.221001 0.400367 0.052845
0.222134 0.399264 0.045202
0.214302 0.396033 0.050563
0.219446 0.399177 0.054699
0.222490 0.400009 0.050727
0.222125 0.399990 0.052384
0.221123 0.399714 0.053748
0.217431 0.397825 0.054502
0.215381 0.396422 0.053036
0.222871 0.399322 0.048047
0.222796 0.399604 0.051239
0.215169 0.395055 0.048960
0.222270 0.399451 0.053018
0.221535 0.397574 0.044963
0.216067 0.396021 0.053305
0.219780 0.396189 0.045292
0.215519 0.395077 0.051453
0.223310 0.398593 0.048701
0.217140 0.394652 0.046792
0.222431 0.397369 0.046884
0.223593 0.398744 0.052207
0.223591 0.398197 0.049245
0.216338 0.394598 0.051688
0.223361 0.397317 0.047984
0.222063 0.396221 0.046583
0.216569 0.393947 0.050109
0.223908 0.397451 0.048865
0.217423 0.393754 0.050276
0.224249 0.397204 0.050254
0.221114 0.394597 0.047060
0.218690 0.393306 0.048292
0.224481 0.396412 0.049163
0.223998 0.395402 0.048557
0.223102 0.394648 0.048207
0.220040 0.392445 0.049341
0.222173 0.393237 0.048370
];
faces = [
6 7 2 1
8 6 1 3
2 7 13 4
6 12 11 7
66 72 78 71
92 89 83 87
76 86 94 87
76 87 83 70
70 66 71 76
98 89 92 97
96 95 101 100
101 95 90 99
81 95 96 84
96 100 93 91
69 60 64 73
74 82 88 80
64 74 80 73
91 93 88 82
10 24 34 26
38 31 15 20
27 12 15 31
56 31 38 61
32 48 38 20
8 18 20 15
4 13 17 9
22 14 9 17
26 18 5 10
8 3 5 18
18 26 32 20
8 15 12 6
12 27 33 11
43 54 59 51
54 39 37 50
42 49 51 46
26 34 40 32
34 42 46 40
55 48 32 40
24 28 42 34
58 55 40 46
51 59 58 46
59 81 84 58
81 59 54 79
69 72 66 60
52 60 63 53
65 63 66 70
65 57 53 63
33 53 57 35
75 62 57 65
36 22 17 35
13 33 35 17
62 45 41 57
27 52 53 33
45 29 25 41
23 36 41 25
29 21 19 25
14 22 23 16
83 75 65 70
89 85 75 83
85 67 62 75
67 50 45 62
50 37 29 45
89 98 99 85
90 79 67 85
79 54 50 67
95 81 79 90
58 84 77 55
84 96 91 77
60 52 56 64
52 27 31 56
56 61 74 64
61 68 82 74
77 91 82 68
48 68 61 38
55 77 68 48
25 19 16 23
42 47 49 49
42 28 44 44
42 44 47 47
35 57 36 36
11 13 7 7
13 11 33 33
78 86 71 71
76 71 86 86
94 92 87 87
97 92 94 94
54 43 39 39
30 21 37 37
29 37 21 21
37 39 30 30
63 60 66 66
85 99 90 90
36 57 41 41
22 36 23 23
];
