function [vertices,faces] = myfun()
vertices = [
0.205345 0.390427 0.015584
0.206559 0.390799 0.014412
0.204678 0.390327 0.017283
0.204692 0.390366 0.018961
0.208244 0.391086 0.014369
0.210460 0.391800 0.014952
0.211230 0.392210 0.015850
0.211957 0.392739 0.017217
0.212034 0.392886 0.017800
0.211876 0.392567 0.016556
0.212154 0.393042 0.018604
0.210956 0.392821 0.021359
0.211680 0.392886 0.019914
0.209359 0.391244 0.022392
0.206405 0.388170 0.015588
0.205202 0.388107 0.019838
0.208780 0.389048 0.014917
0.205078 0.387515 0.017083
0.210528 0.389913 0.015574
0.206049 0.388577 0.021628
0.205165 0.387447 0.018056
0.206899 0.388940 0.022327
0.211637 0.390315 0.016458
0.209962 0.390458 0.022275
0.208506 0.389508 0.022588
0.212375 0.390483 0.016979
0.212019 0.390986 0.021314
0.212553 0.390517 0.017708
0.212453 0.390840 0.020266
0.212647 0.390536 0.018092
0.212826 0.390635 0.018929
0.209920 0.387166 0.015036
0.211537 0.387964 0.015603
0.212632 0.388285 0.016631
0.207889 0.385635 0.016109
0.213258 0.388446 0.017227
0.213457 0.388538 0.017828
0.206683 0.384848 0.018270
0.213975 0.388521 0.019168
0.211781 0.387937 0.022379
0.209408 0.386887 0.023450
0.213882 0.388582 0.020130
0.207497 0.385773 0.023437
0.206743 0.384812 0.020616
0.213315 0.388325 0.021374
0.207129 0.385257 0.022649
0.212098 0.386366 0.015954
0.211579 0.385528 0.015786
0.213741 0.386823 0.017425
0.212589 0.385460 0.015927
0.214256 0.386850 0.019276
0.214364 0.386586 0.020478
0.214083 0.385635 0.017347
0.211153 0.383800 0.016065
0.214714 0.386077 0.019179
0.209173 0.382724 0.017020
0.208141 0.382799 0.020382
0.208360 0.382548 0.018864
0.208840 0.383097 0.022250
0.210496 0.384193 0.023650
0.209128 0.383385 0.023244
0.213156 0.384003 0.016356
0.214723 0.385481 0.020988
0.214501 0.384562 0.017707
0.215244 0.385195 0.019421
0.214256 0.385112 0.021974
0.212834 0.384512 0.023066
0.210919 0.383155 0.023946
0.208950 0.381499 0.020658
0.208810 0.381151 0.019212
0.209461 0.381749 0.022529
0.210038 0.382106 0.023379
];
faces = [
24 27 12 14
29 31 11 13
10 8 28 26
39 31 29 42
13 12 27 29
26 28 37 36
52 51 39 42
29 27 45 42
39 51 49 37
48 50 62 54
64 62 50 53
55 65 64 53
47 49 53 50
65 55 52 63
52 45 66 63
32 33 47 48
47 33 34 49
32 17 19 33
53 49 51 55
34 33 19 23
17 15 2 5
35 56 58 38
69 57 58 70
38 58 57 44
71 59 57 69
67 40 41 60
61 72 68 60
59 71 72 61
41 43 61 60
61 43 46 59
44 57 59 46
1 2 15 18
18 21 3 1
4 3 21 16
40 24 25 41
24 40 45 27
18 15 35 38
35 15 17 32
41 25 22 43
67 66 45 40
54 56 35 32
6 7 23 19
17 5 6 19
16 44 46 20
21 38 44 16
43 22 20 46
36 34 23 26
26 23 7 10
39 37 30 31
31 30 9 11
8 9 30 28
51 52 55 55
45 52 42 42
47 50 48 48
48 54 32 32
58 56 70 70
68 67 60 60
18 38 21 21
36 49 34 34
28 30 37 37
37 49 36 36
];
