function [vertices,faces] = myfun()
vertices = [
0.219822 0.400641 0.028943
0.218375 0.401433 0.037854
0.219789 0.401353 0.035129
0.220128 0.401009 0.034269
0.216197 0.399696 0.039499
0.220366 0.400770 0.033670
0.220586 0.400545 0.033114
0.220331 0.400164 0.032284
0.219988 0.399642 0.031152
0.213976 0.397696 0.039033
0.217386 0.397214 0.029671
0.213380 0.396421 0.038651
0.219542 0.398933 0.039133
0.220732 0.398888 0.036737
0.220944 0.398652 0.035519
0.217605 0.397665 0.040373
0.221040 0.398378 0.034719
0.221110 0.398270 0.034289
0.212978 0.394429 0.036867
0.220939 0.397667 0.033427
0.216059 0.394384 0.030983
0.220746 0.396970 0.032435
0.215940 0.395801 0.040380
0.213569 0.393392 0.035047
0.219513 0.395409 0.031359
0.216508 0.393518 0.031848
0.214618 0.393973 0.039892
0.214609 0.392010 0.032708
0.218828 0.395561 0.041718
0.221353 0.396515 0.040492
0.214358 0.392100 0.037778
0.217060 0.393986 0.041605
0.222569 0.396222 0.038422
0.215672 0.391620 0.033757
0.222860 0.395722 0.036894
0.214750 0.391134 0.035918
0.223032 0.395424 0.035986
0.222734 0.394839 0.035203
0.215769 0.392049 0.040918
0.222313 0.394014 0.034100
0.216801 0.390853 0.033938
0.221153 0.392648 0.033363
0.219084 0.391461 0.032877
0.215505 0.389859 0.038997
0.216092 0.389097 0.036937
0.220529 0.392103 0.043257
0.218007 0.389246 0.034919
0.218971 0.391099 0.043015
0.223184 0.393086 0.042183
0.224312 0.392870 0.039914
0.220231 0.389310 0.034226
0.217635 0.389201 0.042188
0.224796 0.392034 0.037687
0.223962 0.390885 0.035774
0.222423 0.389851 0.034933
0.218862 0.387448 0.035892
0.220796 0.388242 0.034936
0.217234 0.386832 0.038194
0.217260 0.387226 0.040593
0.225206 0.391193 0.040826
0.224631 0.391163 0.042392
0.225532 0.390469 0.038443
0.224581 0.389079 0.036729
0.220415 0.388244 0.044190
0.223564 0.389632 0.044405
0.219413 0.387187 0.043049
0.225364 0.390137 0.042425
0.221447 0.388469 0.044843
0.224615 0.389840 0.043781
0.225802 0.389873 0.041451
0.224324 0.388028 0.036465
0.225221 0.389694 0.043115
0.219356 0.386064 0.041334
0.226301 0.388932 0.039084
0.226050 0.389176 0.041925
0.219168 0.385074 0.039341
0.225523 0.387672 0.037200
0.225012 0.387010 0.036941
0.226539 0.387928 0.039634
0.223980 0.385746 0.036903
0.224812 0.386139 0.036995
0.220487 0.384056 0.038049
0.225733 0.386642 0.037515
0.222657 0.384726 0.037179
];
faces = [
23 16 5 10
36 24 28 34
36 31 19 24
34 28 21 26
1 9 25 11
42 25 22 40
22 9 8 20
7 18 20 8
80 71 78 81
70 75 79 74
67 70 60 61
77 74 79 83
77 63 62 74
74 62 60 70
63 77 78 71
5 16 13 2
21 11 25 26
56 82 76 58
48 64 68 46
52 66 64 48
59 73 66 52
58 76 73 59
31 27 12 19
27 23 10 12
31 44 39 27
27 39 32 23
36 45 44 31
29 16 23 32
43 41 34 26
41 43 51 47
25 42 43 26
51 43 42 55
41 47 45 36
47 51 57 56
47 56 58 45
56 57 84 82
55 80 84 57
72 67 61 69
61 49 65 69
46 68 65 49
50 49 61 60
50 33 30 49
62 53 50 60
33 14 13 30
33 50 53 35
29 46 49 30
14 3 2 13
14 33 35 15
16 29 30 13
18 7 6 17
3 14 15 4
32 48 46 29
63 54 53 62
54 40 38 53
40 22 20 38
18 37 38 20
71 55 54 63
55 42 40 54
45 58 59 44
39 52 48 32
44 59 52 39
4 15 17 6
15 35 37 17
35 53 37 37
17 37 18 18
34 41 36 36
22 25 9 9
83 81 78 78
78 77 83 83
67 75 70 70
75 67 72 72
55 57 51 51
71 80 55 55
37 53 38 38
];
