function [vertices,faces] = myfun()
vertices = [
0.225692 0.380380 0.048909
0.223589 0.378951 0.047966
0.227532 0.380636 0.048716
0.223627 0.377472 0.046317
0.228756 0.380144 0.047137
0.229028 0.379533 0.044763
0.227999 0.379159 0.049577
0.223931 0.376032 0.044159
0.226106 0.378129 0.050051
0.228030 0.377824 0.043132
0.227321 0.377241 0.042532
0.225549 0.376082 0.042917
0.229098 0.378699 0.048039
0.224221 0.376425 0.049508
0.229419 0.377873 0.045922
0.223858 0.375257 0.047727
0.228515 0.376531 0.044020
0.227792 0.375874 0.043556
0.226751 0.376147 0.051156
0.228823 0.377057 0.050398
0.226240 0.374424 0.044110
0.224681 0.373812 0.045559
0.229700 0.376801 0.048692
0.230126 0.376247 0.047038
0.224906 0.374118 0.050777
0.229302 0.375196 0.045769
0.229627 0.375769 0.049700
0.224589 0.373005 0.049144
0.229847 0.375620 0.048658
0.229548 0.375656 0.049727
0.229751 0.375482 0.048766
0.230040 0.375200 0.047657
0.228235 0.373709 0.044818
0.229939 0.375048 0.047760
0.229798 0.374475 0.046900
0.229700 0.374301 0.047013
0.225400 0.371826 0.046544
0.226704 0.372122 0.045344
0.229515 0.373539 0.046382
0.229451 0.373451 0.046515
0.226022 0.372319 0.051531
0.225580 0.371638 0.050056
0.228185 0.373122 0.052068
0.229488 0.373564 0.051942
0.229624 0.373348 0.051782
0.229756 0.373303 0.051760
0.230101 0.372726 0.051226
0.226367 0.370162 0.047863
0.227128 0.371003 0.051386
0.230095 0.372193 0.051404
0.229966 0.372132 0.051452
0.227891 0.370241 0.047022
0.228987 0.371598 0.051592
0.229881 0.371991 0.051638
0.230515 0.371679 0.049551
0.229240 0.370544 0.046977
0.229421 0.370588 0.047172
0.227028 0.369630 0.049007
0.229574 0.370582 0.047239
0.227420 0.369982 0.050488
0.230108 0.370780 0.047997
0.230492 0.370864 0.049965
0.230387 0.370794 0.049982
0.228722 0.369665 0.048813
0.229984 0.370224 0.048574
0.230122 0.370285 0.048557
0.229383 0.370228 0.050388
0.230330 0.370598 0.050091
0.229877 0.370005 0.048639
];
faces = [
57 59 66 65
36 61 59 40
56 39 40 57
51 50 46 45
27 44 45 30
31 30 46 47
69 56 57 65
65 66 62 63
63 68 69 65
63 62 50 51
61 55 62 66
51 54 68 63
55 47 50 62
45 44 54 51
34 31 47 55
30 31 29 27
36 34 55 61
32 29 31 34
34 36 35 32
39 35 36 40
35 39 33 26
29 23 20 27
10 17 18 11
21 12 11 18
17 26 33 18
17 10 6 15
15 24 26 17
15 6 5 13
13 23 24 15
3 7 13 5
26 24 32 35
69 68 67 64
53 67 68 54
54 44 43 53
64 52 56 69
23 29 32 24
7 3 1 9
9 1 2 14
22 8 12 21
14 2 4 16
16 4 8 22
58 48 52 64
42 28 37 48
41 25 28 42
41 49 53 43
7 20 23 13
9 19 20 7
38 21 18 33
52 38 33 56
44 20 19 43
37 22 21 38
48 37 38 52
28 16 22 37
60 58 64 67
49 60 67 53
25 41 43 19
25 19 9 14
25 14 16 28
40 59 57 57
30 45 46 46
66 59 61 61
46 50 47 47
39 56 33 33
20 44 27 27
48 58 42 42
42 58 60 60
41 42 49 49
42 60 49 49
];
